2731
300
56
1584
2190
404
2793
2820
1262
2772
2424
2690
1755
2085
30
1285
1337
2041
2642
166
2086
2157
1908
695
2739
2661
491
404
2133
1974
2521
1384
1020
2244
2651
2854
2387
1117
1070
2457
1569
66
270
1604
2142
2526
894
2855
1361
1114
1632
2419
1646
2064
907
2602
2196
1727
867
521
2146
466
422
1304
893
319
76
46
81
2224
2323
1412
2229
1677
696
336
1643
2927
585
731
2750
968
2269
769
2712
1310
1380
1428
2378
2593
1021
2165
2739
2492
2309
2900
2963
2250
2625
1839
1411
1998
2865
2047
1314
2898
855
1804
1117
226
1966
1186
1250
2718
306
854
2262
2150
2057
197
628
1314
2793
1141
1728
2614
2018
833
969
278
323
1982
1390
109
1254
25
2564
2287
2697
2739
923
2427
374
2758
2386
827
86
1007
2126
2580
1978
2967
564
2545
1377
1976
2860
1585
224
2383
998
1167
1993
2772
2816
1389
1496
1332
2663
2199
2928
2006
1199
1606
1093
2088
702
1795
1175
167
20
1386
294
306
255
2924
191
861
465
1828
1725
1441
1249
1765
1636
2892
1987
2667
1754
1696
811
2345
2193
838
364
85
187
1068
2552
1871
2191
635
1884
725
1117
418
250
2889
2325
488
725
2949
1203
368
476
1607
30
785
2912
1499
838
281
599
1403
91
826
1123
1810
2544
1456
88
2690
66
2192
1241
1123
1601
2655
2778
831
1825
2246
2098
1242
2866
1574
132
2536
2797
1259
655
711
1906
1023
1435
889
307
1253
1680
635
2010
46
1802
364
265
163
927
2966
2739
2521
2348
71
536
2355
2723
664
1531
813
1632
2322
349
2271
1609
768
915
2202
468
2786
2504
2757
566
2702
1064
2088
1513
1857
2946
1752
1965
1604
929
1192
2344
1035
1904
1498
1856
1817
1629
1277
1505
1463
2971
2495
1080
971
2711
1622
943
2529
1210
1506
2020
2811
757
702
1195
1794
1625
27
2452
2451
945
1810
2227
1726
1239
447
2906
807
2315
436
1270
1736
695
1156
1982
2766
420
1460
152
2794
436
592
1710
1668
2673
1584
2405
1239
2499
1824
1281
2769
83
1191
2148
2863
1522
1145
1800
2923
631
2204
648
1442
2241
836
1351
1347
673
752
2634
2505
2673
1047
558
1287
2038
426
190
197
1313
2233
563
1031
708
1725
1702
264
612
1040
1009
2002
1696
49
573
345
2002
2154
280
2899
700
1761
1663
2595
245
1636
1118
1759
542
1100
2677
851
2688
911
1056
1279
2544
751
1930
1419
871
2633
184
2926
2901
2841
448
2712
1517
2214
946
764
581
2789
2391
2991
1455
594
2284
2948
1607
318
2571
11
1043
2823
2155
863
1699
1921
142
545
1092
1984
97
2023
2674
2008
1672
2118
1371
1280
1163
630
2622
820
1942
484
748
1098
1131
2622
656
2284
850
2060
856
1770
1124
226
730
2378
745
2939
2940
746
1145
1635
1191
1965
893
2175
11
107
853
1926
2318
537
640
1738
1070
605
1137
1454
211
1624
445
1182
1769
490
1677
994
1391
1655
810
1705
2412
20
464
2723
1864
947
436
1350
1067
1867
738
1329
2184
2072
616
2497
1834
2394
1410
1995
1138
354
1145
1428
1183
1582
2331
777
384
800
1416
2856
739
2779
1146
1876
1525
42
271
1869
938
940
192
49
821
1648
824
1800
2419
949
616
2421
1960
1437
905
815
1359
934
2682
2798
2608
2706
1114
1111
2551
1900
200
694
383
2621
389
2598
900
1268
2132
864
1073
58
1281
202
1299
2161
638
1796
435
2823
968
2897
1774
1393
1273
2708
2851
2922
1274
558
1072
2486
1718
2645
1419
2362
2662
2899
474
261
2652
2693
1055
502
2042
513
2527
2563
494
1170
882
495
1648
1206
2977
969
1627
1175
1609
1534
2527
433
403
1216
1391
1898
1903
1950
374
1098
1833
1870
2108
2728
150
782
326
1909
1456
2450
1276
182
2431
1182
790
1933
142
1813
2363
1705
1695
886
593
2237
